11 22222 222 2222222222
5. 22. (12222222 2122 1121122. 5. 23. 122221112212 222 221 212121. 5. 24.

5221121122 2221 des corps semblables 22 221211. 5. 25. 1122111222 des

21121122 2212112222221 1119221222 21 12 l'z6clip1i1ue. 5. 26. (3222222221 1222
d6pend de 1222122.

CH A Ρ. 11. 1112222222σηί 29922221 2122 1121122 flxes ..... page 42

5. 27. 1122229222 apponent 219.22922 5. 28. 6122222212 des 2111112222 mbu-
vemens. 5. 29. Pre'cession des 1922122222. 5. 32. Sa 92221111. 5. 32. 112212-

’ 1122 212 1222222122 (122112 21 (12 12 (11211221222. 5. 32. 62 correction„

5. 33. 3222221122 plus 2222122. 5. 34. 11191222222221 21211211911922. 5. 35. Mou- ’

. 22222112211211229221 en 21222112. 5. 36. 62222211222212 12121192211121212 “

12 9212222122, qui en 212211221. 5. 37. 6522222212 212 12 2221211222. 5. 38. Mou-
- 2222221 2122 92122. 5. 39.Ε22911221122 91292192221212 2922121122. 5. 42. Mo'u·
22222212111911922 2122 92122. 5. 42. 0212221 212 12 2221211222. 5. 42. Equa-
11222 21212121192111, 2122 9212121921222212222, 21 du lieu (122 1121122. 5. 43.
., Λ12221122122112112211222. 5. 44, Aberration en 12612212 21 en 1229112212.
5. 45. 4122221122 22 (11211221222 21 22 222222122 2122112.Ι 5. 4611111922 212·
1222221122. 5. 47. 4122221122 2122 91221122.

ΕΗΑΡ. 111. Mouvement propre 2122 2121122 ......... 9292 69

’ 3· 111· Μ2222222221 propre. 5 49. 1122222222192221122119222. 5. 52. Μ222222221 ·

2221 (1223121122. 5. 51. Calcul dn 222222222219222112211922. 5. 52. Com·

’ 92221222 212 221221 2222 122 252222211222. 5. 53. D6termination 2122222 2222·
2222221 922 212222221122.Ι

. 011 ΑΡ. lv. Α212229229211112 2222292αό12 da 2121212111. page 79

3· 51 La 2212122212. 5. 55. conjectures 222 12 construction du ciel 112111.
556112911211122 211121111232122212122112. 5. 57892112222112212 5. 56.
Τ221222 2112122222. 5. 59. Ε121122 2211221 222222. 5. 62. Ε121122 2122922222.

LIVRE 111.

D 2 2 Ρ 1 2 n ὲ 1 2 2.
cli ΑΡ. 1. Ρ12122223222 91212222 des 91221122 ...... 9292 88

5. 62. 12292212222 212222 11212212 222212 212 221211. 5. 62. 2192292 9123221 2122

⁸ , , 22121122 apparentes 2122 91221122· 5. 63. Ρ1221122912912222222. 5. 64. 111292·Ι

Ι211122 212 122222 22121122. 5. 65. Ρ1221122 2291222222. 5.66.1)1292211122 212
leurs 22121122. 5. 67. 6122112222 2122112292221211222 2122 91225122 1213212222,

5. (111. 21 2122 91225122229121222222.

 

